1339
2
3
5
7
11
13
17
19
23
29
31
37
41
43
47
53
59
61
67
71
73
79
83
89
97
101
103
107
109
113
127
131
137
139
149
151
157
163
167
173
179
181
191
193
197
199
211
223
227
229
233
239
241
251
257
263
269
271
277
281
283
293
307
311
313
317
331
337
347
349
353
359
367
373
379
383
389
397
401
409
419
421
431
433
439
443
449
457
461
463
523
601
661
743
823
887
977
1069
1163
1249
1321
1439
1511
1601
1753
1871
1979
2069
2153
2273
2371
2459
2593
2693
2791
2903
3023
3181
3307
3413
3539
3643
3769
3923
4057
4211
4337
4481
4651
4799
4957
5087
5237
5443
5591
5743
5879
6073
6277
6427
6619
6791
6997
7207
7411
7561
7723
7793
8009
8209
8387
8599
8663
8831
9029
9227
9467
9689
9883
10111
10369
10627
10859
11149
11393
11657
11897
12161
12413
12619
12919
13163
13441
13723
13999
14323
14621
14851
15139
15401
15679
15971
16273
16619
16931
17231
17519
17863
18133
18439
18797
19183
19477
20117
20443
20771
21143
21499
21767
22111
22783
23159
23497
23833
24179
24517
24977
25261
25679
26111
26387
26801
27061
27551
28283
28669
28933
29401
30197
30703
30949
31393
32213
32917
33403
33613
34157
34877
35729
36263
36493
36979
37781
38639
39181
39367
39971
40829
41603
42331
42899
43051
43783
44617
45427
46301
46997
47143
47807
48661
49459
50263
51169
51929
52721
53593
54421
55291
56113
56921
57737
58543
59393
60271
61223
62081
62989
63803
64811
65677
66593
67453
68371
69263
70223
71089
71933
72823
73859
74843
75821
76907
77839
78901
79939
80923
81929
82891
83987
85027
86111
87119
88079
89209
90149
91193
92243
93179
94253
95231
96223
97303
98411
99397
100469
101501
102451
103591
104659
105667
106703
107839
108881
109847
110933
111997
113063
114113
115211
116191
117281
118343
119429
120503
121447
122477
123547
124577
125659
126713
127781
128837
129887
130957
132047
133073
134171
135277
136303
137251
138337
139423
140473
141511
142567
143699
144839
145931
146987
148079
149111
150107
151201
152197
153281
154339
155443
156593
157579
158749
159799
160879
161977
163109
164183
165349
166471
167471
168713
169817
170813
171889
172973
174067
175261
176317
177323
178487
179471
180463
181751
182713
183829
184957
185947
187049
188147
189251
190313
191461
192529
193559
194717
195791
196919
197969
199037
200183
201401
202403
203569
204719
205823
206911
207953
209021
210031
211093
212203
213361
214499
215659
216829
217937
219019
220013
221197
222289
223337
224491
225583
226697
227797
228901
229903
230977
232109
233341
234527
235621
236867
238037
239119
240197
241333
242399
243533
244597
245719
246809
247939
248903
250043
251233
252323
253553
254729
255709
256889
258067
259157
260329
261467
262643
263761
264889
266009
267131
268003
269189
270311
271429
272507
273773
274889
275987
277073
278261
279443
280591
281647
282707
283949
284927
286129
287321
288649
289717
290761
291901
293107
294311
295439
296627
297797
299011
300187
301237
302429
303493
304541
305597
306749
307891
309091
310243
311419
312583
313679
314761
315949
317021
318161
319183
320219
321371
322523
323707
324811
325883
327059
328109
329309
330413
331549
332743
333857
335033
336211
337301
338369
339659
340849
341959
343153
344237
345473
346469
347671
348779
349927
351061
352229
353341
354401
355529
356831
357977
359041
360289
361549
362723
363833
364993
366139
367201
368327
369709
370897
372149
373231
374461
375481
376679
377809
379013
380179
381373
382601
383729
384821
385991
387151
388391
389567
390653
391789
392849
393863
395069
396293
397493
398581
399731
400997
402253
403433
404539
405827
407153
408217
409369
410477
411637
412793
414083
415109
416281
417511
418633
419701
420919
422111
423259
424343
425519
426799
427991
429227
430289
431381
432457
433577
434743
435763
436993
438281
439519
440581
441811
442919
443939
445021
446333
447637
448907
450029
451039
452227
453631
454847
455953
457117
458363
459509
460843
462097
463319
464419
465463
466751
467899
468973
470209
471277
472393
473611
474769
475837
476989
478259
479371
480521
481699
482819
484037
485417
486653
487789
488879
490031
491251
492463
493621
494731
495797
497069
498257
499397
500501
501701
503017
504197
505321
506531
507719
508943
510079
511289
512581
513691
514823
516163
517207
518249
519487
520649
521789
522887
524197
525377
526483
527603
528883
530051
531203
532451
533693
534857
536141
537143
538471
539653
540871
542083
543241
544471
545747
546967
548201
549313
550513
551671
552883
554017
555251
556579
557717
558931
560089
561109
562519
563723
564937
566089
567389
568577
569771
570839
572051
573161
574373
575611
576703
577931
579119
580343
581459
582721
583853
585049
586213
587297
588389
589681
590963
592303
593353
594551
595703
596879
598099
599371
600529
601771
602873
604031
605257
606527
607703
608873
609991
611213
612377
613597
614843
616069
617107
618287
619589
620743
622009
623281
624401
625631
626929
628193
629513
630719
631901
633053
634273
635413
636613
637771
639259
640457
641749
642997
644197
645367
646537
647687
648911
649981
651323
652559
653749
654853
656147
657383
658601
659819
660899
662177
663407
664571
665659
666929
668153
669463
670639
671911
673069
674239
675449
676721
678037
679153
680213
681407
682597
683863
685073
686269
687437
688657
689867
691189
692333
693569
694717
695873
697093
698329
699571
700883
702139
703267
704449
705613
706763
707969
709201
710377
711517
712697
713927
715237
716453
717679
719057
720257
721321
722563
723739
724879
726149
727313
728659
729737
731041
732209
733427
734693
735821
737089
738313
739399
740681
741967
743173
744637
745973
747203
748463
749587
750863
751987
753229
754367
755561
756919
758231
759401
760531
761623
762959
764059
765257
766399
767647
768853
770059
771269
772477
773723
774929
776233
777451
778681
779879
781129
782209
783569
784697
785903
787207
788377
789611
790819
792049
793229
794383
795653
796801
798023
799313
800483
801617
802969
804211
805327
806543
807923
809203
810361
811561
812711
814043
815279
816547
817757
819073
820213
821383
822581
823717
824933
826039
827251
828587
829831
831037
832189
833347
834653
835951
837157
838517
839731
840991
842209
843383
844553
845921
847139
848423
849599
850879
852101
853357
854599
855889
857029
858251
859567
860779
861947
863081
864341
865577
866783
867947
869119
870283
871643
872791
874229
875393
876523
877867
879007
880199
881333
882653
883889
885187
886367
887617
888781
890063
891391
892531
893797
895007
896191
897473
898661
900089
901253
902579
903913
905083
906329
907427
908591
909683
911011
912173
913487
914873
916141
917363
918539
919817
921029
922283
923501
924661
925741
926977
928337
929557
930779
932119
933319
934547
935717
937031
938263
939613
940853
941999
943213
944467
945799
947027
948331
949651
950813
952097
953297
954619
955841
957193
958499
959759
961063
962063
963331
964559
965777
967061
968321
969593
970847
971951
973129
974473
975629
976951
978269
979471
980911
982133
983431
984701
985973
987083
988489
989827
991027
992219
993527
994793
996019
997207
998423
999683
1000969
1002121
1003273
1004551
1005827
1006987
1008193
1009303
1010671
1011893
1012997
1014301
1015541
1016789
1018057
1019351
1020517
1021651
1022911
1024249
1025407
1026661
1027891
1029191
1030369
1031717
1033027
1034221
1035449
1036669
1038001
1039289
1040657
1041823
1043111
1044283
1045427
1046833
1048007
1049263
1050509
1051889
1053197
1054439
1055809
1057003
1058329
1059503
1060747
1062121
1063477
1064629
1065893
1067203
1068407
1069597
1070803
1072103
1073393
1074707
1075729
1077023
1078393
1079633
1080767
1081937
1083283
1084493
1085827
1087061
1088389
1089677
1090997
1092127
1093307
1094461
1095631
1096951
1098193
1099541
1100777
1102007
1103183
1104491
1105627
1106839
1108127
1109287
1110541
1111687
1112833
1114207
1115417
1116677
1117931
1119227
1120573
1121723
1123247
1124423
1125679
1127011
1128247
1129399
1130651
1131857
1133071
1134283
1135513
1136749
1138091
1139407
1140709
1141967
1143217
1144529
1145801
1147117
1148453
1149679
1150873
1152079
1153343
1154639
1155943
1157111
1158323
1159523
1160867
1161997
1163083
1164253
1165529
1166801
1168031
1169341
1170583
1171867
1173163
1174477
1175723
1176947
1178161
1179323
1180507
1181681
1182953
1184129
1185389
1186693
1187887
1189109
1190429
1191613
1192879
1194041
1195361
1196707
1197953
1199309
1200499
1201829
1203127
1204409
1205767
1207093
1208423
1209779
1210999
1212221
1213379
1214593
1215827
1217077
1218281
1219651
1220897
1222229
1223471
1224859
1225999
1227277
1228571
1229827
1231171
1232353
1233653
1235149
1236541
1237763
1238989
1240193
1241483
1242827
1244041
1245353
1246501
1247761
1248977
1250141
1251533
1252843
1254151
1255279
1256687
1257853
1258967
1260277
1261549
1262839
1264027
1265333
1266413
1267723
1268963
1270249
1271399
1272647
1273891
1275401
1276631
1277911
1279189
1280473
1281779
1282913
1284313
1285517
1286711
1287947
1289077
1290431
1291819
1293119
1294361
1295681
1296983
1298161
1299541
1332343
1335319
1601563
1641863
1714289
1736789
1767239
1824943
1886569
1889801
1945549
2507899
2705291
5801723
6583327
7370291
8962039
9765053
15325573
27278617
45727793
45730213
45732877
47347241
54595727
54597947
54598507
56670023
56778299
56787427
